PS D:\ai double major\生物信息处理\作业1\code> python train.py
Loading data!
Data loaded successfully!
strat training!
training 0times
[1,   500] loss: 0.645
[1,  1000] loss: 0.425
[1,  1500] loss: 0.283
[1,  2000] loss: 0.239
[1,  2500] loss: 0.214
[1,  3000] loss: 0.176
[1,  3500] loss: 0.176
[1,  4000] loss: 0.172
[1,  4500] loss: 0.150
[1,  5000] loss: 0.129
[1,  5500] loss: 0.146
[1,  6000] loss: 0.137
[1,  6500] loss: 0.128
[1,  7000] loss: 0.124
[1,  7500] loss: 0.108
[1,  8000] loss: 0.104
[1,  8500] loss: 0.098
[1,  9000] loss: 0.109
[1,  9500] loss: 0.102
[1, 10000] loss: 0.107
[1, 10500] loss: 0.088
[1, 11000] loss: 0.093
[1, 11500] loss: 0.104
[1, 12000] loss: 0.097
[1, 12500] loss: 0.087
[1, 13000] loss: 0.089
training 1times
[2,   500] loss: 0.092
[2,  1000] loss: 0.086
[2,  1500] loss: 0.085
[2,  2000] loss: 0.094
[2,  2500] loss: 0.084
[2,  3000] loss: 0.079
[2,  3500] loss: 0.075
[2,  4000] loss: 0.083
[2,  4500] loss: 0.085
[2,  5000] loss: 0.079
[2,  5500] loss: 0.075
[2,  6000] loss: 0.081
[2,  6500] loss: 0.076
[2,  7000] loss: 0.073
[2,  7500] loss: 0.081
[2,  8000] loss: 0.082
[2,  8500] loss: 0.070
[2,  9000] loss: 0.075
[2,  9500] loss: 0.075
[2, 10000] loss: 0.066
[2, 10500] loss: 0.082
[2, 11000] loss: 0.077
[2, 11500] loss: 0.082
[2, 12000] loss: 0.068
[2, 12500] loss: 0.074
[2, 13000] loss: 0.068
training 2times
[3,   500] loss: 0.064
[3,  1000] loss: 0.073
[3,  1500] loss: 0.066
[3,  2000] loss: 0.069
[3,  2500] loss: 0.062
[3,  3000] loss: 0.072
[3,  3500] loss: 0.064
[3,  4000] loss: 0.071
[3,  4500] loss: 0.071
[3,  5000] loss: 0.067
[3,  5500] loss: 0.069
[3,  6000] loss: 0.065
[3,  6500] loss: 0.071
[3,  7000] loss: 0.060
[3,  7500] loss: 0.066
[3,  8000] loss: 0.062
[3,  8500] loss: 0.066
[3,  9000] loss: 0.073
[3,  9500] loss: 0.057
[3, 10000] loss: 0.069
[3, 10500] loss: 0.068
[3, 11000] loss: 0.059
[3, 11500] loss: 0.075
[3, 12000] loss: 0.067
[3, 12500] loss: 0.066
[3, 13000] loss: 0.077
training 3times
[4,   500] loss: 0.057
[4,  1000] loss: 0.057
[4,  1500] loss: 0.068
[4,  2000] loss: 0.061
[4,  2500] loss: 0.072
[4,  3000] loss: 0.071
[4,  3500] loss: 0.058
[4,  4000] loss: 0.058
[4,  4500] loss: 0.054
[4,  5000] loss: 0.059
[4,  5500] loss: 0.078
[4,  6000] loss: 0.065
[4,  6500] loss: 0.061
[4,  7000] loss: 0.064
[4,  7500] loss: 0.061
[4,  8000] loss: 0.069
[4,  8500] loss: 0.071
[4,  9000] loss: 0.062
[4,  9500] loss: 0.057
[4, 10000] loss: 0.064
[4, 10500] loss: 0.067
[4, 11000] loss: 0.067
[4, 11500] loss: 0.065
[4, 12000] loss: 0.065
[4, 12500] loss: 0.059
[4, 13000] loss: 0.059
training 4times
[5,   500] loss: 0.064
[5,  1000] loss: 0.063
[5,  1500] loss: 0.065
[5,  2000] loss: 0.067
[5,  2500] loss: 0.057
[5,  3000] loss: 0.065
[5,  3500] loss: 0.055
[5,  4000] loss: 0.060
[5,  4500] loss: 0.063
[5,  5000] loss: 0.064
[5,  5500] loss: 0.063
[5,  6000] loss: 0.064
[5,  6500] loss: 0.058
[5,  7000] loss: 0.069
[5,  7500] loss: 0.058
[5,  8000] loss: 0.060
[5,  8500] loss: 0.069
[5,  9000] loss: 0.058
[5,  9500] loss: 0.057
[5, 10000] loss: 0.059
[5, 10500] loss: 0.056
[5, 11000] loss: 0.059
[5, 11500] loss: 0.061
[5, 12000] loss: 0.061
[5, 12500] loss: 0.057
[5, 13000] loss: 0.068
training 5times
[6,   500] loss: 0.062
[6,  1000] loss: 0.059
[6,  1500] loss: 0.062
[6,  2000] loss: 0.058
[6,  2500] loss: 0.054
[6,  3000] loss: 0.055
[6,  3500] loss: 0.062
[6,  4000] loss: 0.064
[6,  4500] loss: 0.058
[6,  5000] loss: 0.062
[6,  5500] loss: 0.059
[6,  6000] loss: 0.059
[6,  6500] loss: 0.057
[6,  7000] loss: 0.055
[6,  7500] loss: 0.055
[6,  8000] loss: 0.064
[6,  8500] loss: 0.059
[6,  9000] loss: 0.058
[6,  9500] loss: 0.059
[6, 10000] loss: 0.058
[6, 10500] loss: 0.059
[6, 11000] loss: 0.060
[6, 11500] loss: 0.064
[6, 12000] loss: 0.054
[6, 12500] loss: 0.065
[6, 13000] loss: 0.056
training 6times
[7,   500] loss: 0.060
[7,  1000] loss: 0.064
[7,  1500] loss: 0.056
[7,  2000] loss: 0.063
[7,  2500] loss: 0.057
[7,  3000] loss: 0.057
[7,  3500] loss: 0.054
[7,  4000] loss: 0.054
[7,  4500] loss: 0.057
[7,  5000] loss: 0.064
[7,  5500] loss: 0.052
[7,  6000] loss: 0.056
[7,  6500] loss: 0.047
[7,  7000] loss: 0.062
[7,  7500] loss: 0.056
[7,  8000] loss: 0.052
[7,  8500] loss: 0.062
[7,  9000] loss: 0.065
[7,  9500] loss: 0.059
[7, 10000] loss: 0.061
[7, 10500] loss: 0.056
[7, 11000] loss: 0.062
[7, 11500] loss: 0.059
[7, 12000] loss: 0.060
[7, 12500] loss: 0.064
[7, 13000] loss: 0.062
training 7times
[8,   500] loss: 0.052
[8,  1000] loss: 0.057
[8,  1500] loss: 0.049
[8,  2000] loss: 0.059
[8,  2500] loss: 0.054
[8,  3000] loss: 0.050
[8,  3500] loss: 0.057
[8,  4000] loss: 0.053
[8,  4500] loss: 0.053
[8,  5000] loss: 0.059
[8,  5500] loss: 0.052
[8,  6000] loss: 0.063
[8,  6500] loss: 0.054
[8,  7000] loss: 0.050
[8,  7500] loss: 0.058
[8,  8000] loss: 0.053
[8,  8500] loss: 0.060
[8,  9000] loss: 0.058
[8,  9500] loss: 0.063
[8, 10000] loss: 0.055
[8, 10500] loss: 0.049
[8, 11000] loss: 0.057
[8, 11500] loss: 0.060
[8, 12000] loss: 0.061
[8, 12500] loss: 0.056
[8, 13000] loss: 0.058
training 8times
[9,   500] loss: 0.057
[9,  1000] loss: 0.051
[9,  1500] loss: 0.052
[9,  2000] loss: 0.060
[9,  2500] loss: 0.052
[9,  3000] loss: 0.056
[9,  3500] loss: 0.054
[9,  4000] loss: 0.049
[9,  4500] loss: 0.051
[9,  5000] loss: 0.055
[9,  5500] loss: 0.061
[9,  6000] loss: 0.047
[9,  6500] loss: 0.042
[9,  7000] loss: 0.054
[9,  7500] loss: 0.053
[9,  8000] loss: 0.049
[9,  8500] loss: 0.060
[9,  9000] loss: 0.061
[9,  9500] loss: 0.053
[9, 10000] loss: 0.055
[9, 10500] loss: 0.060
[9, 11000] loss: 0.056
[9, 11500] loss: 0.049
[9, 12000] loss: 0.057
[9, 12500] loss: 0.058
[9, 13000] loss: 0.054
training 9times
[10,   500] loss: 0.048
[10,  1000] loss: 0.053
[10,  1500] loss: 0.054
[10,  2000] loss: 0.049
[10,  2500] loss: 0.054
[10,  3000] loss: 0.058
[10,  3500] loss: 0.048
[10,  4000] loss: 0.052
[10,  4500] loss: 0.044
[10,  5000] loss: 0.054
[10,  5500] loss: 0.057
[10,  6000] loss: 0.056
[10,  6500] loss: 0.052
[10,  7000] loss: 0.047
[10,  7500] loss: 0.047
[10,  8000] loss: 0.054
[10,  8500] loss: 0.050
[10,  9000] loss: 0.052
[10,  9500] loss: 0.055
[10, 10000] loss: 0.056
[10, 10500] loss: 0.055
[10, 11000] loss: 0.052
[10, 11500] loss: 0.054
[10, 12000] loss: 0.052
[10, 12500] loss: 0.050
[10, 13000] loss: 0.054
training 10times
[11,   500] loss: 0.051
[11,  1000] loss: 0.054
[11,  1500] loss: 0.057
[11,  2000] loss: 0.048
[11,  2500] loss: 0.049
[11,  3000] loss: 0.050
[11,  3500] loss: 0.052
[11,  4000] loss: 0.051
[11,  4500] loss: 0.051
[11,  5000] loss: 0.060
[11,  5500] loss: 0.049
[11,  6000] loss: 0.051
[11,  6500] loss: 0.052
[11,  7000] loss: 0.046
[11,  7500] loss: 0.053
[11,  8000] loss: 0.051
[11,  8500] loss: 0.054
[11,  9000] loss: 0.058
[11,  9500] loss: 0.053
[11, 10000] loss: 0.048
[11, 10500] loss: 0.053
[11, 11000] loss: 0.045
[11, 11500] loss: 0.053
[11, 12000] loss: 0.049
[11, 12500] loss: 0.050
[11, 13000] loss: 0.055
training 11times
[12,   500] loss: 0.049
[12,  1000] loss: 0.050
[12,  1500] loss: 0.047
[12,  2000] loss: 0.046
[12,  2500] loss: 0.050
[12,  3000] loss: 0.051
[12,  3500] loss: 0.050
[12,  4000] loss: 0.051
[12,  4500] loss: 0.054
[12,  5000] loss: 0.049
[12,  5500] loss: 0.052
[12,  6000] loss: 0.047
[12,  6500] loss: 0.049
[12,  7000] loss: 0.057
[12,  7500] loss: 0.052
[12,  8000] loss: 0.050
[12,  8500] loss: 0.048
[12,  9000] loss: 0.051
[12,  9500] loss: 0.048
[12, 10000] loss: 0.053
[12, 10500] loss: 0.053
[12, 11000] loss: 0.052
[12, 11500] loss: 0.050
[12, 12000] loss: 0.048
[12, 12500] loss: 0.053
[12, 13000] loss: 0.058
training 12times
[13,   500] loss: 0.047
[13,  1000] loss: 0.046
[13,  1500] loss: 0.053
[13,  2000] loss: 0.051
[13,  2500] loss: 0.047
[13,  3000] loss: 0.049
[13,  3500] loss: 0.051
[13,  4000] loss: 0.054
[13,  4500] loss: 0.056
[13,  5000] loss: 0.049
[13,  5500] loss: 0.052
[13,  6000] loss: 0.054
[13,  6500] loss: 0.051
[13,  7000] loss: 0.048
[13,  7500] loss: 0.054
[13,  8000] loss: 0.048
[13,  8500] loss: 0.050
[13,  9000] loss: 0.046
[13,  9500] loss: 0.046
[13, 10000] loss: 0.052
[13, 10500] loss: 0.050
[13, 11000] loss: 0.047
[13, 11500] loss: 0.048
[13, 12000] loss: 0.057
[13, 12500] loss: 0.050
[13, 13000] loss: 0.053
training 13times
[14,   500] loss: 0.058
[14,  1000] loss: 0.049
[14,  1500] loss: 0.051
[14,  2000] loss: 0.049
[14,  2500] loss: 0.050
[14,  3000] loss: 0.049
[14,  3500] loss: 0.053
[14,  4000] loss: 0.050
[14,  4500] loss: 0.052
[14,  5000] loss: 0.049
[14,  5500] loss: 0.053
[14,  6000] loss: 0.061
[14,  6500] loss: 0.049
[14,  7000] loss: 0.052
[14,  7500] loss: 0.048
[14,  8000] loss: 0.050
[14,  8500] loss: 0.047
[14,  9000] loss: 0.053
[14,  9500] loss: 0.044
[14, 10000] loss: 0.048
[14, 10500] loss: 0.051
[14, 11000] loss: 0.044
[14, 11500] loss: 0.042
[14, 12000] loss: 0.049
[14, 12500] loss: 0.045
[14, 13000] loss: 0.048
training 14times
[15,   500] loss: 0.047
[15,  1000] loss: 0.050
[15,  1500] loss: 0.048
[15,  2000] loss: 0.049
[15,  2500] loss: 0.043
[15,  3000] loss: 0.045
[15,  3500] loss: 0.049
[15,  4000] loss: 0.050
[15,  4500] loss: 0.054
[15,  5000] loss: 0.056
[15,  5500] loss: 0.050
[15,  6000] loss: 0.045
[15,  6500] loss: 0.045
[15,  7000] loss: 0.053
[15,  7500] loss: 0.047
[15,  8000] loss: 0.051
[15,  8500] loss: 0.052
[15,  9000] loss: 0.051
[15,  9500] loss: 0.049
[15, 10000] loss: 0.043
[15, 10500] loss: 0.050
[15, 11000] loss: 0.049
[15, 11500] loss: 0.052
[15, 12000] loss: 0.048
[15, 12500] loss: 0.045
[15, 13000] loss: 0.048
training 15times
[16,   500] loss: 0.047
[16,  1000] loss: 0.046
[16,  1500] loss: 0.046
[16,  2000] loss: 0.043
[16,  2500] loss: 0.049
[16,  3000] loss: 0.041
[16,  3500] loss: 0.050
[16,  4000] loss: 0.045
[16,  4500] loss: 0.040
[16,  5000] loss: 0.045
[16,  5500] loss: 0.051
[16,  6000] loss: 0.048
[16,  6500] loss: 0.048
[16,  7000] loss: 0.050
[16,  7500] loss: 0.052
[16,  8000] loss: 0.050
[16,  8500] loss: 0.048
[16,  9000] loss: 0.049
[16,  9500] loss: 0.055
[16, 10000] loss: 0.049
[16, 10500] loss: 0.049
[16, 11000] loss: 0.046
[16, 11500] loss: 0.051
[16, 12000] loss: 0.043
[16, 12500] loss: 0.051
[16, 13000] loss: 0.048
training 16times
[17,   500] loss: 0.045
[17,  1000] loss: 0.044
[17,  1500] loss: 0.052
[17,  2000] loss: 0.051
[17,  2500] loss: 0.049
[17,  3000] loss: 0.047
[17,  3500] loss: 0.047
[17,  4000] loss: 0.048
[17,  4500] loss: 0.051
[17,  5000] loss: 0.046
[17,  5500] loss: 0.044
[17,  6000] loss: 0.047
[17,  6500] loss: 0.050
[17,  7000] loss: 0.049
[17,  7500] loss: 0.049
[17,  8000] loss: 0.043
[17,  8500] loss: 0.047
[17,  9000] loss: 0.046
[17,  9500] loss: 0.043
[17, 10000] loss: 0.050
[17, 10500] loss: 0.048
[17, 11000] loss: 0.045
[17, 11500] loss: 0.044
[17, 12000] loss: 0.048
[17, 12500] loss: 0.043
[17, 13000] loss: 0.049
training 17times
[18,   500] loss: 0.044
[18,  1000] loss: 0.047
[18,  1500] loss: 0.049
[18,  2000] loss: 0.041
[18,  2500] loss: 0.054
[18,  3000] loss: 0.046
[18,  3500] loss: 0.045
[18,  4000] loss: 0.047
[18,  4500] loss: 0.047
[18,  5000] loss: 0.048
[18,  5500] loss: 0.046
[18,  6000] loss: 0.047
[18,  6500] loss: 0.049
[18,  7000] loss: 0.050
[18,  7500] loss: 0.048
[18,  8000] loss: 0.045
[18,  8500] loss: 0.052
[18,  9000] loss: 0.044
[18,  9500] loss: 0.045
[18, 10000] loss: 0.048
[18, 10500] loss: 0.050
[18, 11000] loss: 0.042
[18, 11500] loss: 0.052
[18, 12000] loss: 0.040
[18, 12500] loss: 0.042
[18, 13000] loss: 0.042
training 18times
[19,   500] loss: 0.047
[19,  1000] loss: 0.045
[19,  1500] loss: 0.045
[19,  2000] loss: 0.047
[19,  2500] loss: 0.047
[19,  3000] loss: 0.048
[19,  3500] loss: 0.043
[19,  4000] loss: 0.048
[19,  4500] loss: 0.041
[19,  5000] loss: 0.050
[19,  5500] loss: 0.044
[19,  6000] loss: 0.051
[19,  6500] loss: 0.047
[19,  7000] loss: 0.050
[19,  7500] loss: 0.047
[19,  8000] loss: 0.041
[19,  8500] loss: 0.045
[19,  9000] loss: 0.045
[19,  9500] loss: 0.048
[19, 10000] loss: 0.048
[19, 10500] loss: 0.047
[19, 11000] loss: 0.044
[19, 11500] loss: 0.047
[19, 12000] loss: 0.043
[19, 12500] loss: 0.046
[19, 13000] loss: 0.045
training 19times
[20,   500] loss: 0.045
[20,  1000] loss: 0.040
[20,  1500] loss: 0.047
[20,  2000] loss: 0.044
[20,  2500] loss: 0.045
[20,  3000] loss: 0.045
[20,  3500] loss: 0.042
[20,  4000] loss: 0.049
[20,  4500] loss: 0.048
[20,  5000] loss: 0.046
[20,  5500] loss: 0.052
[20,  6000] loss: 0.046
[20,  6500] loss: 0.046
[20,  7000] loss: 0.045
[20,  7500] loss: 0.046
[20,  8000] loss: 0.047
[20,  8500] loss: 0.053
[20,  9000] loss: 0.043
[20,  9500] loss: 0.043
[20, 10000] loss: 0.046
[20, 10500] loss: 0.047
[20, 11000] loss: 0.045
[20, 11500] loss: 0.043
[20, 12000] loss: 0.046
[20, 12500] loss: 0.046
[20, 13000] loss: 0.046
training 20times
[21,   500] loss: 0.043
[21,  1000] loss: 0.049
[21,  1500] loss: 0.040
[21,  2000] loss: 0.044
[21,  2500] loss: 0.049
[21,  3000] loss: 0.047
[21,  3500] loss: 0.043
[21,  4000] loss: 0.043
[21,  4500] loss: 0.044
[21,  5000] loss: 0.048
[21,  5500] loss: 0.043
[21,  6000] loss: 0.045
[21,  6500] loss: 0.045
[21,  7000] loss: 0.043
[21,  7500] loss: 0.042
[21,  8000] loss: 0.047
[21,  8500] loss: 0.053
[21,  9000] loss: 0.041
[21,  9500] loss: 0.046
[21, 10000] loss: 0.049
[21, 10500] loss: 0.043
[21, 11000] loss: 0.048
[21, 11500] loss: 0.049
[21, 12000] loss: 0.043
[21, 12500] loss: 0.045
[21, 13000] loss: 0.052
training 21times
[22,   500] loss: 0.039
[22,  1000] loss: 0.044
[22,  1500] loss: 0.043
[22,  2000] loss: 0.048
[22,  2500] loss: 0.049
[22,  3000] loss: 0.047
[22,  3500] loss: 0.046
[22,  4000] loss: 0.045
[22,  4500] loss: 0.050
[22,  5000] loss: 0.045
[22,  5500] loss: 0.045
[22,  6000] loss: 0.042
[22,  6500] loss: 0.041
[22,  7000] loss: 0.044
[22,  7500] loss: 0.050
[22,  8000] loss: 0.051
[22,  8500] loss: 0.046
[22,  9000] loss: 0.050
[22,  9500] loss: 0.044
[22, 10000] loss: 0.041
[22, 10500] loss: 0.046
[22, 11000] loss: 0.042
[22, 11500] loss: 0.043
[22, 12000] loss: 0.047
[22, 12500] loss: 0.044
[22, 13000] loss: 0.041
training 22times
[23,   500] loss: 0.045
[23,  1000] loss: 0.043
[23,  1500] loss: 0.047
[23,  2000] loss: 0.043
[23,  2500] loss: 0.042
[23,  3000] loss: 0.046
[23,  3500] loss: 0.044
[23,  4000] loss: 0.049
[23,  4500] loss: 0.041
[23,  5000] loss: 0.044
[23,  5500] loss: 0.048
[23,  6000] loss: 0.050
[23,  6500] loss: 0.045
[23,  7000] loss: 0.043
[23,  7500] loss: 0.045
[23,  8000] loss: 0.041
[23,  8500] loss: 0.046
[23,  9000] loss: 0.043
[23,  9500] loss: 0.044
[23, 10000] loss: 0.042
[23, 10500] loss: 0.046
[23, 11000] loss: 0.046
[23, 11500] loss: 0.044
[23, 12000] loss: 0.046
[23, 12500] loss: 0.043
[23, 13000] loss: 0.049
training 23times
[24,   500] loss: 0.044
[24,  1000] loss: 0.047
[24,  1500] loss: 0.042
[24,  2000] loss: 0.050
[24,  2500] loss: 0.041
[24,  3000] loss: 0.044
[24,  3500] loss: 0.040
[24,  4000] loss: 0.045
[24,  4500] loss: 0.045
[24,  5000] loss: 0.043
[24,  5500] loss: 0.045
[24,  6000] loss: 0.041
[24,  6500] loss: 0.050
[24,  7000] loss: 0.040
[24,  7500] loss: 0.045
[24,  8000] loss: 0.043
[24,  8500] loss: 0.048
[24,  9000] loss: 0.042
[24,  9500] loss: 0.047
[24, 10000] loss: 0.046
[24, 10500] loss: 0.048
[24, 11000] loss: 0.049
[24, 11500] loss: 0.044
[24, 12000] loss: 0.044
[24, 12500] loss: 0.043
[24, 13000] loss: 0.038
training 24times
[25,   500] loss: 0.044
[25,  1000] loss: 0.045
[25,  1500] loss: 0.044
[25,  2000] loss: 0.043
[25,  2500] loss: 0.043
[25,  3000] loss: 0.041
[25,  3500] loss: 0.042
[25,  4000] loss: 0.047
[25,  4500] loss: 0.036
[25,  5000] loss: 0.038
[25,  5500] loss: 0.045
[25,  6000] loss: 0.045
[25,  6500] loss: 0.051
[25,  7000] loss: 0.046
[25,  7500] loss: 0.047
[25,  8000] loss: 0.044
[25,  8500] loss: 0.042
[25,  9000] loss: 0.044
[25,  9500] loss: 0.046
[25, 10000] loss: 0.043
[25, 10500] loss: 0.042
[25, 11000] loss: 0.046
[25, 11500] loss: 0.049
[25, 12000] loss: 0.046
[25, 12500] loss: 0.040
[25, 13000] loss: 0.048
PS D:\ai double major\生物信息处理\作业1\code> 